*** Statistics ***

Number of junctions:	 62
Number of tips:		 50
Total length:		 19487.188455 px
Number of tips per length:		 0.002566 px^-1
Average edge length:	 163.757886 px
Average edge radius:	 13.654501 px
Total network area:	 284157.840134 px^2
Area of convex hull:	 4359594.000000 px^2
Number of cycles:	 8
Angles - nodes with 2 neightbors:
   (5129, 5419, 4901): 1.634185832
  (2589, 2121, 2770): 2.95175222556
  (4901, 4908, 5129): 2.53884232799
  (2443, 2409, 1774): 1.3618608201
  (1389, 4354, 1665): 2.93265334196
  (3575, 4026, 3444): 1.34164523378
  (4702, 4897, 4683): 1.24948768008
  (424, 3012, 422): 2.84234192121
  (1454, 1481, 422): 1.81940699179
  (5657, 5665, 5563): 2.2894703676
  (1062, 1069, 1063): 0.761732884502
  (3012, 3010, 3050): 1.1889655046
  (1685, 2244, 1652): 1.91241181744
  (4009, 4193, 4060): 3.04557423584
  (3688, 4060, 3695): 1.24995651896
  (245, 247, 239): 2.48278661747
  (1685, 1652, 1756): 3.06247946325
  (245, 245, 239): no angle
  (4127, 3804, 4149): 1.13367096741
  (5534, 5288, 5563): 3.0996536286
  (4901, 4897, 4908): 0.4979558161
  (2409, 2443, 1389): 2.89817927738
  (2770, 2778, 2589): 2.26096658474
  (1454, 1532, 422): 3.1140799132
  (5575, 5563, 5591): 1.83166652918
  (5046, 5041, 5050): 1.18869660296
  (3804, 3813, 4127): 2.54552840299
  (239, 226, 268): 2.86617809941
  (4354, 3144, 4509): 0.85548713807
  (1712, 1168, 1512): 1.78814612766
  (1774, 2443, 1998): 1.27004738408
  (2121, 2139, 2117): 1.88435762436
  (171, 268, 36): 1.9685365933
  (4060, 4009, 4026): 3.01991933842
  (2778, 2770, 2779): 1.9284955328
  (3444, 3575, 3492): 2.63507563441
  (2442, 2770, 2443): 2.1424831994
  (3688, 3224, 4060): 2.91157492689
  (4009, 4193, 3633): 1.66342827219
  (4354, 1389, 4509): 3.04818317236
  (226, 761, 239): 2.18792942335
  (1756, 1481, 1774): 2.6405357273
  (424, 556, 422): 2.28046943666
  (2589, 2121, 2876): 1.48072919624
  (1058, 1061, 1062): 1.37436730346
  (3688, 3224, 3695): 2.12165386133
  (3804, 3768, 3813): 1.57016022458
  (556, 1058, 157): 1.53579365726
  (1774, 1756, 1998): 2.57410562451
  (1069, 1074, 1062): 0.839297445323
  (2442, 2770, 2627): 0.785276215365
  (5050, 4193, 5046): 1.71883452146
  (3804, 3768, 4127): 2.16749667961
  (556, 424, 1058): 1.56840470816
  (1454, 1481, 1532): 1.3496984022
  (4509, 4354, 3575): 2.93675311114
  (2770, 2778, 2442): 2.80751751747
  (247, 245, 247): no angle
  (5288, 5276, 5285): 1.93943503119
  (5129, 5098, 5419): 2.20314031347
  (4060, 3688, 4009): 1.50786110893
  (3444, 3492, 3431): 2.16497471694
  (4127, 4193, 3804): 2.16434197609
  (4509, 4354, 4711): 1.25720226621
  (4354, 3144, 1389): 2.19269603429
  (157, 556, 989): 1.21375329729
  (1998, 1994, 1774): 1.51059820754
  (268, 3120, 171): 2.08964581765
  (1389, 2409, 1665): 1.5014168736
  (4149, 4247, 4127): 2.64944919715
  (5534, 5563, 5519): 2.19506782697
  (5575, 5563, 5574): 2.32186635525
  (245, 247, 245): no angle
  (5098, 5129, 5046): 2.85728655409
  (5563, 5657, 5575): 1.52798701963
  (3492, 3464, 3493): 1.5391788836
  (2409, 1389, 2429): 2.57768262686
  (2442, 2627, 2443): 2.92775941477
  (1512, 1712, 1481): 3.10989165536
  (4193, 5050, 4127): 1.90968684929
  (1712, 1168, 1665): 1.92401050734
  (5129, 5098, 4901): 2.44585916171
  (2117, 2121, 1942): 1.96344192822
  (1998, 1994, 2117): 1.59035306214
  (1062, 1058, 1063): 1.05524498796
  (1058, 556, 1062): 3.04944470466
  (4060, 3688, 4026): 1.75540485983
  (4702, 2778, 4683): 1.79065312222
  (5050, 4193, 5276): 1.50596722529
  (1756, 1481, 1685): 0.951048370657
  (2443, 2442, 1774): 1.97894246077
  (1665, 1652, 1389): 1.96566382151
  (3012, 424, 3050): 2.78289620625
  (4127, 4193, 4149): 2.98517236368
  (1481, 1756, 1454): 3.11036608546
  (4509, 3575, 4711): 2.08922992983
  (1652, 1512, 1685): 1.87096749763
  (3444, 3575, 3431): 1.48313495583
  (4702, 4897, 2778): 3.0401408023
  (422, 424, 1454): 2.45521040803
  (1998, 2117, 1774): 3.10095126968
  (268, 3120, 239): 1.31210681045
  (556, 424, 157): 3.10419836542
  (4901, 4897, 5129): 3.03679814409
  (4908, 4897, 4901): 2.27961087311
  (5288, 5285, 5534): 1.45576173499
  (1069, 1062, 1079): 2.23080153818
  (1481, 1512, 1756): 0.625653747463
  (1481, 1512, 1454): 2.48471233799
  (1652, 1512, 1665): 1.48289565168
  (1062, 1058, 1069): 1.81697787246
  (4026, 4033, 3575): 0.476590043206
  (2770, 2589, 2442): 1.21470120497
  (226, 761, 260): 1.53368329672
  (3492, 3464, 3444): 2.81503202151
  (4026, 4060, 3575): 2.92124635356
  (3575, 3444, 4509): 1.89740931119
  (1942, 1853, 2117): 1.14352939801
  (5098, 5100, 5046): 1.87479860895
  (226, 260, 239): 2.56157258711
  (2778, 2779, 4702): 0.992699036484
  (2121, 2139, 2589): 2.77231883981
  (4026, 4033, 4060): 2.44465631035
  (5098, 5129, 5100): 1.55110014415
  (2589, 2770, 2876): 1.85070388538
  (1389, 2409, 4354): 1.43123646836
  (2117, 1998, 1942): 1.83507572109
  (4683, 4677, 4702): 3.04128303915
  (2117, 2121, 1998): 2.48466765788
  (4897, 4908, 4702): 2.95773195378
  (3575, 4026, 4509): 3.04413076221
  (1652, 1665, 1685): 2.92932215787
  (4149, 5191, 4247): 1.08311169772
  (4683, 4418, 4677): 0.600985617692
  (1756, 1685, 1774): 2.69160120923
  (4193, 4009, 5050): 1.47747875659
  (3492, 3444, 3493): 1.92897440207
  (422, 424, 443): 2.8926562741
  (157, 171, 556): 3.13275798328
  (5276, 5288, 5050): 1.65314299129
  (5276, 5234, 5050): 2.98690631517
  (5563, 5534, 5575): 2.01002917945
  (5276, 5288, 5234): 1.64313600072
  (1942, 1853, 1935): 2.87650546198
  (1665, 1712, 1652): 1.8123698326
  (4897, 4901, 4702): 2.96142738902
  (171, 36, 157): 1.33856826803
  (5046, 5041, 5098): 2.36112718283
  (1774, 2443, 1756): 2.43903229859
  (4908, 5688, 4897): 2.51379418915
  (1712, 1665, 1512): 2.57102867218
  (1685, 2244, 1756): 1.15006764581
  (5288, 5276, 5534): 2.887988541
  (1512, 1481, 1652): 2.7564025011
  (5657, 5658, 5563): 3.06510704843
  (4009, 4060, 3633): 1.57418279915
  (4683, 4418, 4702): 2.64091665034
  (5657, 5665, 5658): 0.928607891148
  (171, 268, 157): 2.97608044584
  (4149, 5191, 4127): 1.56633749943
  (422, 443, 1454): 0.935318625048
  (2443, 2409, 2442): 2.94238202631
  (2409, 2443, 2429): 0.807323402944
  (5050, 5276, 5046): 3.05838356043
  (4908, 5688, 4901): 1.48978024491
  (239, 268, 245): 1.52662574819
  (1512, 1712, 1652): 0.416891150716
  (157, 171, 989): 1.93667402661
  (424, 3012, 556): 1.16037394931
  (5534, 5288, 5519): 0.904585801633
  (5575, 5574, 5591): 2.12965242275
  (1058, 556, 1061): 1.67507740121
  (247, 251, 245): 2.12939564214
  (1665, 1712, 1389): 2.50515165307
  (5046, 5098, 5050): 2.73336152139
  (268, 171, 239): 2.88143267908
  (1942, 2117, 1935): 2.26315044719
  (239, 226, 245): 1.33955235122
  (247, 251, 247): no angle
  (3012, 424, 3010): 2.31132359633
  (4193, 4009, 4127): 2.89601970131
  (4897, 4908, 4901): 0.364025964376
  (5563, 5657, 5534): 2.74516910811
  (2121, 2589, 2117): 1.62650884301
  (2778, 2770, 4702): 2.92119456929
  (1069, 1074, 1079): 1.39150409286
Angles - nodes with 3 neightbors:
 
Angles - nodes with 4 neightbors:
   (5129, 5419, 4901): 1.634185832
  (2589, 2121, 2770): 2.95175222556
  (4901, 4908, 5129): 2.53884232799
  (2443, 2409, 1774): 1.3618608201
  (1389, 4354, 1665): 2.93265334196
  (3575, 4026, 3444): 1.34164523378
  (4702, 4897, 4683): 1.24948768008
  (424, 3012, 422): 2.84234192121
  (1454, 1481, 422): 1.81940699179
  (5657, 5665, 5563): 2.2894703676
  (1062, 1069, 1063): 0.761732884502
  (3012, 3010, 3050): 1.1889655046
  (1685, 2244, 1652): 1.91241181744
  (4009, 4193, 4060): 3.04557423584
  (3688, 4060, 3695): 1.24995651896
  (245, 247, 239): 2.48278661747
  (1685, 1652, 1756): 3.06247946325
  (245, 245, 239): no angle
  (4127, 3804, 4149): 1.13367096741
  (5534, 5288, 5563): 3.0996536286
  (4901, 4897, 4908): 0.4979558161
  (2409, 2443, 1389): 2.89817927738
  (2770, 2778, 2589): 2.26096658474
  (1454, 1532, 422): 3.1140799132
  (5575, 5563, 5591): 1.83166652918
  (5046, 5041, 5050): 1.18869660296
  (3804, 3813, 4127): 2.54552840299
  (239, 226, 268): 2.86617809941
  (4354, 3144, 4509): 0.85548713807
  (1712, 1168, 1512): 1.78814612766
  (1774, 2443, 1998): 1.27004738408
  (2121, 2139, 2117): 1.88435762436
  (171, 268, 36): 1.9685365933
  (4060, 4009, 4026): 3.01991933842
  (2778, 2770, 2779): 1.9284955328
  (3444, 3575, 3492): 2.63507563441
  (2442, 2770, 2443): 2.1424831994
  (3688, 3224, 4060): 2.91157492689
  (4009, 4193, 3633): 1.66342827219
  (4354, 1389, 4509): 3.04818317236
  (226, 761, 239): 2.18792942335
  (1756, 1481, 1774): 2.6405357273
  (424, 556, 422): 2.28046943666
  (2589, 2121, 2876): 1.48072919624
  (1058, 1061, 1062): 1.37436730346
  (3688, 3224, 3695): 2.12165386133
  (3804, 3768, 3813): 1.57016022458
  (556, 1058, 157): 1.53579365726
  (1774, 1756, 1998): 2.57410562451
  (1069, 1074, 1062): 0.839297445323
  (2442, 2770, 2627): 0.785276215365
  (5050, 4193, 5046): 1.71883452146
  (3804, 3768, 4127): 2.16749667961
  (556, 424, 1058): 1.56840470816
  (1454, 1481, 1532): 1.3496984022
  (4509, 4354, 3575): 2.93675311114
  (2770, 2778, 2442): 2.80751751747
  (247, 245, 247): no angle
  (5288, 5276, 5285): 1.93943503119
  (5129, 5098, 5419): 2.20314031347
  (4060, 3688, 4009): 1.50786110893
  (3444, 3492, 3431): 2.16497471694
  (4127, 4193, 3804): 2.16434197609
  (4509, 4354, 4711): 1.25720226621
  (4354, 3144, 1389): 2.19269603429
  (157, 556, 989): 1.21375329729
  (1998, 1994, 1774): 1.51059820754
  (268, 3120, 171): 2.08964581765
  (1389, 2409, 1665): 1.5014168736
  (4149, 4247, 4127): 2.64944919715
  (5534, 5563, 5519): 2.19506782697
  (5575, 5563, 5574): 2.32186635525
  (245, 247, 245): no angle
  (5098, 5129, 5046): 2.85728655409
  (5563, 5657, 5575): 1.52798701963
  (3492, 3464, 3493): 1.5391788836
  (2409, 1389, 2429): 2.57768262686
  (2442, 2627, 2443): 2.92775941477
  (1512, 1712, 1481): 3.10989165536
  (4193, 5050, 4127): 1.90968684929
  (1712, 1168, 1665): 1.92401050734
  (5129, 5098, 4901): 2.44585916171
  (2117, 2121, 1942): 1.96344192822
  (1998, 1994, 2117): 1.59035306214
  (1062, 1058, 1063): 1.05524498796
  (1058, 556, 1062): 3.04944470466
  (4060, 3688, 4026): 1.75540485983
  (4702, 2778, 4683): 1.79065312222
  (5050, 4193, 5276): 1.50596722529
  (1756, 1481, 1685): 0.951048370657
  (2443, 2442, 1774): 1.97894246077
  (1665, 1652, 1389): 1.96566382151
  (3012, 424, 3050): 2.78289620625
  (4127, 4193, 4149): 2.98517236368
  (1481, 1756, 1454): 3.11036608546
  (4509, 3575, 4711): 2.08922992983
  (1652, 1512, 1685): 1.87096749763
  (3444, 3575, 3431): 1.48313495583
  (4702, 4897, 2778): 3.0401408023
  (422, 424, 1454): 2.45521040803
  (1998, 2117, 1774): 3.10095126968
  (268, 3120, 239): 1.31210681045
  (556, 424, 157): 3.10419836542
  (4901, 4897, 5129): 3.03679814409
  (4908, 4897, 4901): 2.27961087311
  (5288, 5285, 5534): 1.45576173499
  (1069, 1062, 1079): 2.23080153818
  (1481, 1512, 1756): 0.625653747463
  (1481, 1512, 1454): 2.48471233799
  (1652, 1512, 1665): 1.48289565168
  (1062, 1058, 1069): 1.81697787246
  (4026, 4033, 3575): 0.476590043206
  (2770, 2589, 2442): 1.21470120497
  (226, 761, 260): 1.53368329672
  (3492, 3464, 3444): 2.81503202151
  (4026, 4060, 3575): 2.92124635356
  (3575, 3444, 4509): 1.89740931119
  (1942, 1853, 2117): 1.14352939801
  (5098, 5100, 5046): 1.87479860895
  (226, 260, 239): 2.56157258711
  (2778, 2779, 4702): 0.992699036484
  (2121, 2139, 2589): 2.77231883981
  (4026, 4033, 4060): 2.44465631035
  (5098, 5129, 5100): 1.55110014415
  (2589, 2770, 2876): 1.85070388538
  (1389, 2409, 4354): 1.43123646836
  (2117, 1998, 1942): 1.83507572109
  (4683, 4677, 4702): 3.04128303915
  (2117, 2121, 1998): 2.48466765788
  (4897, 4908, 4702): 2.95773195378
  (3575, 4026, 4509): 3.04413076221
  (1652, 1665, 1685): 2.92932215787
  (4149, 5191, 4247): 1.08311169772
  (4683, 4418, 4677): 0.600985617692
  (1756, 1685, 1774): 2.69160120923
  (4193, 4009, 5050): 1.47747875659
  (3492, 3444, 3493): 1.92897440207
  (422, 424, 443): 2.8926562741
  (157, 171, 556): 3.13275798328
  (5276, 5288, 5050): 1.65314299129
  (5276, 5234, 5050): 2.98690631517
  (5563, 5534, 5575): 2.01002917945
  (5276, 5288, 5234): 1.64313600072
  (1942, 1853, 1935): 2.87650546198
  (1665, 1712, 1652): 1.8123698326
  (4897, 4901, 4702): 2.96142738902
  (171, 36, 157): 1.33856826803
  (5046, 5041, 5098): 2.36112718283
  (1774, 2443, 1756): 2.43903229859
  (4908, 5688, 4897): 2.51379418915
  (1712, 1665, 1512): 2.57102867218
  (1685, 2244, 1756): 1.15006764581
  (5288, 5276, 5534): 2.887988541
  (1512, 1481, 1652): 2.7564025011
  (5657, 5658, 5563): 3.06510704843
  (4009, 4060, 3633): 1.57418279915
  (4683, 4418, 4702): 2.64091665034
  (5657, 5665, 5658): 0.928607891148
  (171, 268, 157): 2.97608044584
  (4149, 5191, 4127): 1.56633749943
  (422, 443, 1454): 0.935318625048
  (2443, 2409, 2442): 2.94238202631
  (2409, 2443, 2429): 0.807323402944
  (5050, 5276, 5046): 3.05838356043
  (4908, 5688, 4901): 1.48978024491
  (239, 268, 245): 1.52662574819
  (1512, 1712, 1652): 0.416891150716
  (157, 171, 989): 1.93667402661
  (424, 3012, 556): 1.16037394931
  (5534, 5288, 5519): 0.904585801633
  (5575, 5574, 5591): 2.12965242275
  (1058, 556, 1061): 1.67507740121
  (247, 251, 245): 2.12939564214
  (1665, 1712, 1389): 2.50515165307
  (5046, 5098, 5050): 2.73336152139
  (268, 171, 239): 2.88143267908
  (1942, 2117, 1935): 2.26315044719
  (239, 226, 245): 1.33955235122
  (247, 251, 247): no angle
  (3012, 424, 3010): 2.31132359633
  (4193, 4009, 4127): 2.89601970131
  (4897, 4908, 4901): 0.364025964376
  (5563, 5657, 5534): 2.74516910811
  (2121, 2589, 2117): 1.62650884301
  (2778, 2770, 4702): 2.92119456929
  (1069, 1074, 1079): 1.39150409286
